     1        0   129600   0.000
     2    12510   129600   0.010
     3    25019   129600   0.020
     4    37528   129600   0.030
     5    50037   129600   0.040
     6    62546   129600   0.050
     7    75055   129600   0.060
     8    87564   129600   0.070
     9   100073   129600   0.080
    10   112582   131138   0.090
    11   125091   131138   0.100
    12   137600   131138   0.110
    13   150109   131138   0.120
    14   162618   131138   0.130
    15   175127   131138   0.140
    16   187636   131138   0.150
    17   200145   131138   0.160
    18   212654   131138   0.170
    19   225163   133270   0.180
    20   237672   133270   0.190
    21   250181   133270   0.200
    22   262690   133270   0.210
    23   275199   133270   0.220
    24   287708   133270   0.230
    25   300217   133270   0.240
    26   312726   133270   0.250
    27   325235   133270   0.260
    28   337744   135653   0.270
    29   350253   135653   0.280
    30   362762   135653   0.290
    31   375271   135653   0.300
    32   387780   135653   0.310
    33   400289   135653   0.320
    34   412798   135653   0.330
    35   425307   135653   0.340
    36   437816   138085   0.350
    37   450325   138085   0.360
    38   462834   138085   0.370
    39   475343   138085   0.380
    40   487852   138085   0.390
    41   500361   138085   0.400
    42   512870   138085   0.410
    43   525379   138085   0.420
    44   537888   138085   0.430
    45   550397   140741   0.440
    46   562906   140741   0.450
    47   575415   140741   0.460
    48   587924   140741   0.470
    49   600433   140741   0.480
    50   612942   140741   0.490
    51   625451   140741   0.500
    52   637960   140741   0.510
    53   650469   140741   0.520
